15 0 1 1 1 0 1 1
14 -2 2 1 2 -2 -1 0
15 0 1 0 1 1 1 1 
14 0 2 2 0 2 2 1
16 0 0 -1 -1 -1 0 0
15 1 1 2 0 0 2 2 
16 0 0 0 0 -1 4 4
16 -1 0 -2 0 -1 -1 -2
27 0 0 -1 0 0 -1 2
16 -2 0 0 3 4 4 0
27 0 0 0 -1 0 -1 -1
16 2 3 3 3 2 3 0
27 0 0 -1 0 0 0 -9
16 -2 -1 0 -2 -2 -2 -2 
27 0 0 0 -2 -5 -1 0
16 0 0 5 0 -2 0 5
27 0 0 -1 0 0 0 -1
18 0 -3 -2 -4 -2 1 1
27 0 2 4 -6 -8 -7 -7
16 0 0 0 4 4 5 4
27 0 0 -1 0 0 -1 2 
16 -2 0 0 3 4 4 0
27 0 0 0 -1 0 -1 -1
16 2 3 3 3 2 3 0
27 0 0 -1 0 0 0 -9
16 -2 -1 0 -2 -2 -2 -2 
27 0 0 0 -2 -5 -1 0
16 0 0 5 0 -2 0 5
27 0 0 -1 0 0 0 -1
18 0 -3 -2 -4 -2 1 1
27 0 2 4 -6 -8 -7 -7
16 0 0 0 4 4 5 4
29 -1 -1 -2 -1 -1 -2 -1
16 5 6 5 8 7 5 0
28 0 0 0 -1 0 -9 -1
16 8 7 7 8 8 5 0
29 -1 -1 -2 -2 -1 -10 -10
16 5 6 5 8 8 5 5
28 1 0 1 0 -1 -1 0
16 0 0 5 0 8 7 7
21 7 7 6 7 7 7 6
18 4 4 3 3 5 1 7
28 0 1 2 6 7 8 8
16 5 0 0 4 4 6 5
28 0 0 0 0
16 6 6 6 6